origin: 0.4
v2: 0.567476
v3: 0.624828
v4: 0.589110
v5: 0.594430